#' color values
#'
#' @export
color_values <- c("PBL"="#d73027", ##d73027 # red
                  "pbl"="#d73027",
                  "red"="#d73027",

                  "spleen"="#4575b4", # blue
                  "spl"="#4575b4",
                  "blue"="#4575b4",

                  "CD8.memory"="#1a9850", # dark green
                  "CD8 memory"="#1a9850",
                  "CD8+ memory" ="#1a9850",
                  "dgreen" ="#1a9850",

                  "Upregulated" = "#2166ACFF", #red
                  "Downregulated" = "#B2182BFF", #blue

                  "CD8.naive"="#99d594", # light green
                  "CD8 naive"="#99d594",
                  "CD8+ naive"="#99d594",
                  "CD8+\nnaive"="#99d594",
                  "lgreen"="#99d594",

                  "B6" = "#ffa836", #"#F9A637", #"#ffa836", #orange #"#d73027",# red
                  "b6" = "#ffa836", #"#ffa836", #"#d73027",


                  "NZO" = "#77B060", # "#900C3F", #"#86318c", #"#622466", #"#77B061", # dark red/purple-ish #"#4575b4", # dark blue
                  "nzo" = "#77B060", #"#900C3F", #"#86318c", #"#622466", #"#77B061", # "#4575b4",


                  "royalblue" = "#3878DB",


                  "3" = "#FFC300", # "#FCEAD6", #see through orange     #yel #FFC300
                  "12" = "#EF843A", #"#FCBC87",  #medium orange     #orange #EF843A
                  "18" = "#900C3F", #"#F59537", #very orange      #dark red #900C3F

                  "F" = "#F9C6D7", #pink
                  "female" = "#F9C6D7",

                  "M" = "#67a3d9", # blue
                  "male" = "#67a3d9",

                  "age" = "#d73027",
                  "sex" = "#4575b4",
                  "gender" = "#4575b4",
                  "strain" = "#1a9850",
                  "Tissue" = "#91bfdb", # light blue
                  " unexplained" = "grey",

                  "Age" = "#d73027",
                  "Sex" = "#4575b4",
                  "Gender" = "#4575b4",
                  "Strain" = "#1a9850",
                  "Tissue" = "#ffa836",
                  "Unexplained" = "grey",

                  "Opening" = "#B2182B",
                  "opening" = "#B2182B",
                  "up" = "#B2182B",
                  "Up" = "#B2182B",

                  "Closing" = "#2166ACFF",
                  "closing" = "#2166ACFF",
                  "Down" = "#2166ACFF",
                  "down" = "#2166ACFF"
)
